{
  "samples": [
    {
      "x": 7.597813606262207,
      "y": 2.389819383621216,
      "heading": 0.04633621890934756,
      "angularVelocity": -4.7352732688730156e-26,
      "velocityX": 1.835773254754292e-28,
      "velocityY": 3.4246167929476326e-26,
      "timestamp": 0
    },
    {
      "x": 7.6865720708764105,
      "y": 2.3935177679015194,
      "heading": 0.02316775381381275,
      "angularVelocity": -0.2389679143007945,
      "velocityX": 0.9154868515430884,
      "velocityY": 0.03814647082155123,
      "timestamp": 0.09695220031243235
    },
    {
      "x": 7.775330543518066,
      "y": 2.3972160816192627,
      "heading": -2.752361771981788e-29,
      "angularVelocity": -0.23896057788429473,
      "velocityX": 0.9154869343411258,
      "velocityY": 0.038145743013829406,
      "timestamp": 0.1939044006248647
    },
    {
      "x": 7.775330543518066,
      "y": 2.3972160816192627,
      "heading": -7.133374662923893e-29,
      "angularVelocity": -1.0316184127506123e-30,
      "velocityX": 1.098079425922225e-28,
      "velocityY": 3.1619113685370173e-28,
      "timestamp": 0.29085660093729704
    }
  ],
  "eventMarkers": []
}