{
  "samples": [
    {
      "x": 7.810697555541992,
      "y": 2.407465696334839,
      "heading": -4.036838149928908e-28,
      "angularVelocity": 3.339992365116081e-28,
      "velocityX": -3.2275723000769355e-21,
      "velocityY": 5.785835407268537e-21,
      "timestamp": 0
    },
    {
      "x": 7.810697555541992,
      "y": 2.3543879985809326,
      "heading": 2.1616475418043934e-21,
      "angularVelocity": 2.8863726591987815e-20,
      "velocityX": -6.672571261761711e-16,
      "velocityY": -0.7087278755273833,
      "timestamp": 0.07489150573400227
    },
    {
      "x": 7.810697555541992,
      "y": 2.3013103008270264,
      "heading": 4.6303039285563685e-21,
      "angularVelocity": 3.296310259270803e-20,
      "velocityX": -6.671274771720975e-16,
      "velocityY": -0.7087278755273833,
      "timestamp": 0.14978301146800455
    },
    {
      "x": 7.810697555541992,
      "y": 2.3013103008270264,
      "heading": 4.72242378831236e-21,
      "angularVelocity": 1.2300441676726458e-21,
      "velocityX": -6.270458726707912e-23,
      "velocityY": 4.2820670170312187e-23,
      "timestamp": 0.22467451720200682
    }
  ],
  "eventMarkers": []
}