{
  "samples": [
    {
      "x": 8.010697555541991,
      "y": 2.407465696334839,
      "heading": -4.357222621511165e-28,
      "angularVelocity": 1.894284604222997e-28,
      "velocityX": -3.9489241531876424e-21,
      "velocityY": 6.2271785770455524e-21,
      "timestamp": 0
    },
    {
      "x": 8.010697555541991,
      "y": 2.3543879985809326,
      "heading": 9.079650725870905e-21,
      "angularVelocity": 1.21237396323113e-19,
      "velocityX": -1.2563769444680301e-15,
      "velocityY": -0.7087278755273809,
      "timestamp": 0.07489150573400227
    },
    {
      "x": 8.010697555541991,
      "y": 2.3013103008270264,
      "heading": 1.9521068126114226e-20,
      "angularVelocity": 1.3942058312518984e-19,
      "velocityX": -1.2563788865167327e-15,
      "velocityY": -0.7087278755273809,
      "timestamp": 0.14978301146800455
    },
    {
      "x": 8.010697555541991,
      "y": 2.3013103008270264,
      "heading": 1.9965361241272664e-20,
      "angularVelocity": 5.932490088412183e-21,
      "velocityX": -3.180561455657099e-22,
      "velocityY": 1.924186367109087e-22,
      "timestamp": 0.22467451720200682
    }
  ],
  "eventMarkers": []
}